mat4x4((-0.904935, -0.149910, 0.398272, 0.000000), (-0.013629, 0.945626, 0.324969, 0.000000), (-0.425333, 0.288648, -0.857773, 0.000000), (-3.756760, 1.437588, -8.711533, 1.000000))
mat4x4((-0.904935, -0.149910, 0.398272, 0.000000), (-0.013629, 0.945627, 0.324969, 0.000000), (-0.425333, 0.288648, -0.857773, 0.000000), (-3.820761, 1.437589, -8.711534, 1.000000))
mat4x4((-0.904021, -0.140742, 0.403655, 0.000000), (-0.002076, 0.945684, 0.325081, 0.000000), (-0.427482, 0.293042, -0.855210, 0.000000), (-3.793520, 1.476941, -8.688720, 1.000000))
mat4x4((-0.904021, -0.140742, 0.403655, 0.000000), (-0.002076, 0.945684, 0.325081, 0.000000), (-0.427482, 0.293042, -0.855210, 0.000000), (-3.857520, 1.476941, -8.688720, 1.000000))
mat4x4((-0.902296, -0.140851, 0.407459, 0.000000), (-0.000898, 0.945736, 0.324935, 0.000000), (-0.431116, 0.292821, -0.853460, 0.000000), (-3.830400, 1.474691, -8.672955, 1.000000))
mat4x4((-0.902296, -0.140851, 0.407459, 0.000000), (-0.000898, 0.945736, 0.324935, 0.000000), (-0.431116, 0.292821, -0.853460, 0.000000), (-3.894401, 1.474691, -8.672956, 1.000000))
mat4x4((-0.902087, -0.140695, 0.407975, 0.000000), (-0.000415, 0.945646, 0.325199, 0.000000), (-0.431553, 0.293189, -0.853113, 0.000000), (-3.835347, 1.478281, -8.670135, 1.000000))
mat4x4((-0.902087, -0.140695, 0.407975, 0.000000), (-0.000415, 0.945646, 0.325199, 0.000000), (-0.431553, 0.293189, -0.853113, 0.000000), (-3.899347, 1.478281, -8.670135, 1.000000))
mat4x4((-0.901897, -0.140269, 0.408543, 0.000000), (0.000158, 0.945699, 0.325044, 0.000000), (-0.431952, 0.293221, -0.852900, 0.000000), (-3.840032, 1.478437, -8.668028, 1.000000))
mat4x4((-0.901897, -0.140269, 0.408543, 0.000000), (0.000158, 0.945699, 0.325044, 0.000000), (-0.431952, 0.293221, -0.852900, 0.000000), (-3.904032, 1.478437, -8.668028, 1.000000))
mat4x4((-0.901658, -0.139522, 0.409324, 0.000000), (0.001066, 0.945804, 0.324736, 0.000000), (-0.432449, 0.293237, -0.852643, 0.000000), (-3.846098, 1.478233, -8.665375, 1.000000))
mat4x4((-0.901658, -0.139522, 0.409324, 0.000000), (0.001066, 0.945804, 0.324736, 0.000000), (-0.432449, 0.293237, -0.852643, 0.000000), (-3.910098, 1.478233, -8.665375, 1.000000))
mat4x4((-0.901830, -0.139096, 0.409090, 0.000000), (0.001228, 0.945941, 0.324338, 0.000000), (-0.432088, 0.293000, -0.852907, 0.000000), (-3.842905, 1.475676, -8.667236, 1.000000))
mat4x4((-0.901830, -0.139096, 0.409090, 0.000000), (0.001228, 0.945941, 0.324338, 0.000000), (-0.432088, 0.293000, -0.852907, 0.000000), (-3.906905, 1.475676, -8.667237, 1.000000))
mat4x4((-0.901868, -0.138656, 0.409155, 0.000000), (0.001502, 0.946083, 0.323922, 0.000000), (-0.432009, 0.292749, -0.853034, 0.000000), (-3.842514, 1.472966, -8.667886, 1.000000))
mat4x4((-0.901868, -0.138656, 0.409156, 0.000000), (0.001502, 0.946083, 0.323922, 0.000000), (-0.432009, 0.292750, -0.853033, 0.000000), (-3.906518, 1.472968, -8.667884, 1.000000))
mat4x4((-0.901852, -0.138444, 0.409263, 0.000000), (0.001673, 0.946143, 0.323745, 0.000000), (-0.432042, 0.292655, -0.853049, 0.000000), (-3.843066, 1.471887, -8.667837, 1.000000))
mat4x4((-0.901852, -0.138444, 0.409263, 0.000000), (0.001673, 0.946143, 0.323745, 0.000000), (-0.432042, 0.292655, -0.853049, 0.000000), (-3.907066, 1.471887, -8.667838, 1.000000))
mat4x4((-0.901865, -0.138458, 0.409229, 0.000000), (0.001672, 0.946125, 0.323796, 0.000000), (-0.432014, 0.292705, -0.853046, 0.000000), (-3.842792, 1.472373, -8.667876, 1.000000))
mat4x4((-0.901865, -0.138458, 0.409229, 0.000000), (0.001672, 0.946125, 0.323796, 0.000000), (-0.432014, 0.292705, -0.853046, 0.000000), (-3.906792, 1.472373, -8.667877, 1.000000))
mat4x4((-0.901675, -0.138785, 0.409538, 0.000000), (0.001781, 0.945895, 0.324469, 0.000000), (-0.432411, 0.293295, -0.852642, 0.000000), (-3.846762, 1.478392, -8.665060, 1.000000))
mat4x4((-0.901675, -0.138785, 0.409538, 0.000000), (0.001781, 0.945895, 0.324469, 0.000000), (-0.432411, 0.293295, -0.852642, 0.000000), (-3.910762, 1.478392, -8.665061, 1.000000))
mat4x4((-0.901627, -0.139292, 0.409472, 0.000000), (0.001659, 0.945602, 0.325322, 0.000000), (-0.432512, 0.293998, -0.852349, 0.000000), (-3.847594, 1.485676, -8.663397, 1.000000))
mat4x4((-0.901627, -0.139292, 0.409472, 0.000000), (0.001659, 0.945602, 0.325322, 0.000000), (-0.432512, 0.293998, -0.852349, 0.000000), (-3.911590, 1.485673, -8.663399, 1.000000))
mat4x4((-0.901535, -0.139497, 0.409604, 0.000000), (0.001773, 0.945411, 0.325876, 0.000000), (-0.432702, 0.294515, -0.852074, 0.000000), (-3.849613, 1.490975, -8.661551, 1.000000))
mat4x4((-0.901535, -0.139497, 0.409604, 0.000000), (0.001773, 0.945411, 0.325876, 0.000000), (-0.432702, 0.294515, -0.852074, 0.000000), (-3.913613, 1.490975, -8.661550, 1.000000))
mat4x4((-0.901484, -0.139551, 0.409698, 0.000000), (0.001906, 0.945304, 0.326184, 0.000000), (-0.432809, 0.294830, -0.851911, 0.000000), (-3.850843, 1.494186, -8.660423, 1.000000))
mat4x4((-0.901484, -0.139551, 0.409698, 0.000000), (0.001906, 0.945304, 0.326184, 0.000000), (-0.432809, 0.294830, -0.851911, 0.000000), (-3.914843, 1.494186, -8.660423, 1.000000))
mat4x4((-0.913741, -0.130648, 0.384719, 0.000000), (0.002210, 0.945278, 0.326258, 0.000000), (-0.406292, 0.298966, -0.863450, 0.000000), (-3.684306, 1.374894, -8.980953, 1.000000))
mat4x4((-0.913741, -0.130648, 0.384719, 0.000000), (0.002210, 0.945278, 0.326258, 0.000000), (-0.406292, 0.298966, -0.863450, 0.000000), (-3.748306, 1.374893, -8.980953, 1.000000))
mat4x4((-0.913704, -0.130522, 0.384850, 0.000000), (0.002494, 0.945199, 0.326486, 0.000000), (-0.406373, 0.299272, -0.863306, 0.000000), (-3.685419, 1.378037, -8.979950, 1.000000))
mat4x4((-0.913704, -0.130522, 0.384850, 0.000000), (0.002494, 0.945199, 0.326486, 0.000000), (-0.406373, 0.299272, -0.863306, 0.000000), (-3.749419, 1.378037, -8.979950, 1.000000))
mat4x4((-0.913719, -0.130239, 0.384909, 0.000000), (0.002668, 0.945301, 0.326190, 0.000000), (-0.406337, 0.299073, -0.863392, 0.000000), (-3.685255, 1.375986, -8.980344, 1.000000))
mat4x4((-0.913719, -0.130239, 0.384909, 0.000000), (0.002668, 0.945301, 0.326190, 0.000000), (-0.406337, 0.299073, -0.863392, 0.000000), (-3.749255, 1.375986, -8.980343, 1.000000))
mat4x4((-0.913689, -0.130163, 0.385007, 0.000000), (0.002713, 0.945351, 0.326043, 0.000000), (-0.406405, 0.298946, -0.863404, 0.000000), (-3.685881, 1.374796, -8.980322, 1.000000))
mat4x4((-0.913689, -0.130163, 0.385007, 0.000000), (0.002713, 0.945351, 0.326043, 0.000000), (-0.406405, 0.298946, -0.863404, 0.000000), (-3.749881, 1.374796, -8.980322, 1.000000))
mat4x4((-0.913608, -0.130194, 0.385188, 0.000000), (0.002724, 0.945367, 0.325996, 0.000000), (-0.406587, 0.298882, -0.863340, 0.000000), (-3.687561, 1.374313, -8.979815, 1.000000))
mat4x4((-0.913608, -0.130194, 0.385188, 0.000000), (0.002724, 0.945367, 0.325996, 0.000000), (-0.406587, 0.298882, -0.863340, 0.000000), (-3.751561, 1.374313, -8.979815, 1.000000))
mat4x4((-0.913564, -0.130392, 0.385227, 0.000000), (0.002575, 0.945337, 0.326085, 0.000000), (-0.406688, 0.298892, -0.863290, 0.000000), (-3.688210, 1.374703, -8.979684, 1.000000))
mat4x4((-0.913564, -0.130392, 0.385227, 0.000000), (0.002575, 0.945337, 0.326085, 0.000000), (-0.406688, 0.298892, -0.863290, 0.000000), (-3.752211, 1.374703, -8.979685, 1.000000))
mat4x4((-0.913582, -0.130760, 0.385059, 0.000000), (0.002221, 0.945275, 0.326268, 0.000000), (-0.406649, 0.298928, -0.863295, 0.000000), (-3.687158, 1.375514, -8.980301, 1.000000))
mat4x4((-0.913582, -0.130760, 0.385059, 0.000000), (0.002221, 0.945275, 0.326268, 0.000000), (-0.406649, 0.298928, -0.863295, 0.000000), (-3.751158, 1.375514, -8.980302, 1.000000))
mat4x4((-0.913490, -0.131051, 0.385177, 0.000000), (0.002036, 0.945220, 0.326427, 0.000000), (-0.406856, 0.298972, -0.863183, 0.000000), (-3.688791, 1.376302, -8.979776, 1.000000))
mat4x4((-0.913490, -0.131051, 0.385177, 0.000000), (0.002036, 0.945220, 0.326427, 0.000000), (-0.406856, 0.298972, -0.863183, 0.000000), (-3.752791, 1.376302, -8.979775, 1.000000))
mat4x4((-0.913479, -0.131074, 0.385195, 0.000000), (0.001937, 0.945281, 0.326253, 0.000000), (-0.406880, 0.298771, -0.863241, 0.000000), (-3.688803, 1.374476, -8.980335, 1.000000))
mat4x4((-0.913479, -0.131074, 0.385195, 0.000000), (0.001937, 0.945281, 0.326253, 0.000000), (-0.406880, 0.298771, -0.863241, 0.000000), (-3.752804, 1.374475, -8.980336, 1.000000))
mat4x4((-0.913390, -0.130950, 0.385449, 0.000000), (0.001973, 0.945415, 0.325864, 0.000000), (-0.407081, 0.298401, -0.863274, 0.000000), (-3.690753, 1.370900, -8.980432, 1.000000))
mat4x4((-0.913390, -0.130950, 0.385449, 0.000000), (0.001973, 0.945415, 0.325864, 0.000000), (-0.407081, 0.298401, -0.863274, 0.000000), (-3.754753, 1.370900, -8.980431, 1.000000))
mat4x4((-0.913282, -0.130455, 0.385873, 0.000000), (0.002277, 0.945677, 0.325101, 0.000000), (-0.407323, 0.297787, -0.863372, 0.000000), (-3.693568, 1.364674, -8.980649, 1.000000))
mat4x4((-0.913282, -0.130455, 0.385873, 0.000000), (0.002277, 0.945677, 0.325101, 0.000000), (-0.407323, 0.297787, -0.863372, 0.000000), (-3.757568, 1.364674, -8.980649, 1.000000))
mat4x4((-0.913184, -0.129941, 0.386277, 0.000000), (0.002659, 0.945890, 0.324478, 0.000000), (-0.407538, 0.297335, -0.863426, 0.000000), (-3.696314, 1.360019, -8.980618, 1.000000))
mat4x4((-0.913184, -0.129941, 0.386277, 0.000000), (0.002659, 0.945890, 0.324478, 0.000000), (-0.407538, 0.297335, -0.863426, 0.000000), (-3.760314, 1.360019, -8.980619, 1.000000))
mat4x4((-0.913095, -0.129938, 0.386490, 0.000000), (0.002710, 0.945911, 0.324416, 0.000000), (-0.407739, 0.297270, -0.863354, 0.000000), (-3.698404, 1.359474, -8.980141, 1.000000))
mat4x4((-0.913095, -0.129938, 0.386490, 0.000000), (0.002710, 0.945911, 0.324416, 0.000000), (-0.407739, 0.297270, -0.863354, 0.000000), (-3.762404, 1.359474, -8.980141, 1.000000))
mat4x4((-0.913092, -0.130068, 0.386453, 0.000000), (0.002592, 0.945889, 0.324481, 0.000000), (-0.407746, 0.297283, -0.863346, 0.000000), (-3.698329, 1.359734, -8.980336, 1.000000))
mat4x4((-0.913092, -0.130068, 0.386453, 0.000000), (0.002592, 0.945889, 0.324481, 0.000000), (-0.407746, 0.297283, -0.863346, 0.000000), (-3.762329, 1.359734, -8.980336, 1.000000))
mat4x4((-0.912925, -0.130562, 0.386681, 0.000000), (0.002183, 0.945874, 0.324527, 0.000000), (-0.408122, 0.297113, -0.863227, 0.000000), (-3.701373, 1.358449, -8.979755, 1.000000))
mat4x4((-0.912925, -0.130562, 0.386681, 0.000000), (0.002183, 0.945874, 0.324527, 0.000000), (-0.408122, 0.297113, -0.863227, 0.000000), (-3.765373, 1.358449, -8.979755, 1.000000))
mat4x4((-0.912826, -0.131190, 0.386702, 0.000000), (0.001690, 0.945766, 0.324845, 0.000000), (-0.408346, 0.297180, -0.863098, 0.000000), (-3.702777, 1.359655, -8.979469, 1.000000))
mat4x4((-0.912826, -0.131190, 0.386702, 0.000000), (0.001690, 0.945766, 0.324845, 0.000000), (-0.408346, 0.297180, -0.863098, 0.000000), (-3.766777, 1.359655, -8.979470, 1.000000))
mat4x4((-0.912492, -0.131890, 0.387252, 0.000000), (0.001248, 0.945704, 0.325027, 0.000000), (-0.409093, 0.297067, -0.862783, 0.000000), (-3.709326, 1.359070, -8.977351, 1.000000))
mat4x4((-0.912492, -0.131890, 0.387252, 0.000000), (0.001248, 0.945704, 0.325027, 0.000000), (-0.409093, 0.297067, -0.862783, 0.000000), (-3.773325, 1.359070, -8.977352, 1.000000))
mat4x4((-0.912756, -0.132663, 0.386365, 0.000000), (0.000301, 0.945581, 0.325386, 0.000000), (-0.408506, 0.297114, -0.863045, 0.000000), (-3.702080, 1.360031, -8.980585, 1.000000))
mat4x4((-0.912756, -0.132663, 0.386365, 0.000000), (0.000301, 0.945581, 0.325386, 0.000000), (-0.408506, 0.297114, -0.863045, 0.000000), (-3.766080, 1.360032, -8.980586, 1.000000))
mat4x4((-0.912802, -0.133221, 0.386064, 0.000000), (-0.000538, 0.945692, 0.325063, 0.000000), (-0.408403, 0.296510, -0.863301, 0.000000), (-3.699713, 1.354324, -8.982882, 1.000000))
mat4x4((-0.912802, -0.133221, 0.386064, 0.000000), (-0.000538, 0.945692, 0.325063, 0.000000), (-0.408403, 0.296510, -0.863301, 0.000000), (-3.763713, 1.354324, -8.982882, 1.000000))
mat4x4((-0.912739, -0.133561, 0.386096, 0.000000), (-0.000950, 0.945744, 0.324911, 0.000000), (-0.408543, 0.296192, -0.863344, 0.000000), (-3.700419, 1.351363, -8.983343, 1.000000))
mat4x4((-0.912739, -0.133561, 0.386096, 0.000000), (-0.000950, 0.945744, 0.324911, 0.000000), (-0.408543, 0.296192, -0.863344, 0.000000), (-3.764419, 1.351363, -8.983343, 1.000000))
mat4x4((-0.912706, -0.133720, 0.386118, 0.000000), (-0.001139, 0.945767, 0.324844, 0.000000), (-0.408615, 0.296048, -0.863359, 0.000000), (-3.700877, 1.350036, -8.983575, 1.000000))
mat4x4((-0.912706, -0.133720, 0.386118, 0.000000), (-0.001139, 0.945767, 0.324844, 0.000000), (-0.408615, 0.296048, -0.863359, 0.000000), (-3.764876, 1.350036, -8.983575, 1.000000))
mat4x4((-0.912641, -0.133767, 0.386255, 0.000000), (-0.001163, 0.945784, 0.324794, 0.000000), (-0.408761, 0.295971, -0.863317, 0.000000), (-3.702344, 1.349388, -8.983341, 1.000000))
mat4x4((-0.912641, -0.133768, 0.386255, 0.000000), (-0.001163, 0.945784, 0.324794, 0.000000), (-0.408761, 0.295971, -0.863317, 0.000000), (-3.766344, 1.349389, -8.983340, 1.000000))
mat4x4((-0.912447, -0.133955, 0.386647, 0.000000), (-0.001225, 0.945788, 0.324782, 0.000000), (-0.409192, 0.295873, -0.863146, 0.000000), (-3.706576, 1.348671, -8.982162, 1.000000))
mat4x4((-0.912447, -0.133955, 0.386647, 0.000000), (-0.001225, 0.945788, 0.324782, 0.000000), (-0.409192, 0.295873, -0.863146, 0.000000), (-3.770576, 1.348672, -8.982162, 1.000000))
mat4x4((-0.912174, -0.133906, 0.387308, 0.000000), (-0.001009, 0.945840, 0.324632, 0.000000), (-0.409802, 0.295730, -0.862906, 0.000000), (-3.713006, 1.347394, -8.980157, 1.000000))
mat4x4((-0.912174, -0.133906, 0.387308, 0.000000), (-0.001009, 0.945840, 0.324632, 0.000000), (-0.409802, 0.295730, -0.862906, 0.000000), (-3.777006, 1.347394, -8.980156, 1.000000))
mat4x4((-0.911914, -0.133925, 0.387914, 0.000000), (-0.000860, 0.945873, 0.324536, 0.000000), (-0.410381, 0.295616, -0.862670, 0.000000), (-3.719043, 1.346457, -8.978282, 1.000000))
mat4x4((-0.911914, -0.133925, 0.387914, 0.000000), (-0.000860, 0.945873, 0.324536, 0.000000), (-0.410381, 0.295616, -0.862670, 0.000000), (-3.783043, 1.346457, -8.978282, 1.000000))
mat4x4((-0.911731, -0.133752, 0.388403, 0.000000), (-0.000457, 0.945837, 0.324641, 0.000000), (-0.410788, 0.295807, -0.862410, 0.000000), (-3.723821, 1.348363, -8.976202, 1.000000))
mat4x4((-0.911731, -0.133752, 0.388403, 0.000000), (-0.000457, 0.945837, 0.324641, 0.000000), (-0.410788, 0.295807, -0.862410, 0.000000), (-3.787821, 1.348363, -8.976203, 1.000000))
mat4x4((-0.911610, -0.134000, 0.388601, 0.000000), (-0.000386, 0.945652, 0.325181, 0.000000), (-0.411055, 0.296289, -0.862118, 0.000000), (-3.726673, 1.353488, -8.974569, 1.000000))
mat4x4((-0.911610, -0.134000, 0.388601, 0.000000), (-0.000386, 0.945652, 0.325181, 0.000000), (-0.411055, 0.296289, -0.862118, 0.000000), (-3.790673, 1.353488, -8.974569, 1.000000))
mat4x4((-0.911297, -0.133661, 0.389452, 0.000000), (-0.000097, 0.945915, 0.324414, 0.000000), (-0.411750, 0.295600, -0.862022, 0.000000), (-3.734081, 1.346471, -8.972922, 1.000000))
mat4x4((-0.911297, -0.133661, 0.389452, 0.000000), (-0.000097, 0.945915, 0.324414, 0.000000), (-0.411750, 0.295600, -0.862022, 0.000000), (-3.798081, 1.346471, -8.972922, 1.000000))
mat4x4((-0.911059, -0.133724, 0.389986, 0.000000), (-0.000035, 0.945960, 0.324282, 0.000000), (-0.412275, 0.295427, -0.861831, 0.000000), (-3.739465, 1.344758, -8.971157, 1.000000))
mat4x4((-0.911059, -0.133724, 0.389986, 0.000000), (-0.000035, 0.945960, 0.324282, 0.000000), (-0.412275, 0.295427, -0.861831, 0.000000), (-3.803465, 1.344758, -8.971158, 1.000000))
mat4x4((-0.910909, -0.133800, 0.390310, 0.000000), (-0.000165, 0.946079, 0.323935, 0.000000), (-0.412607, 0.295011, -0.861814, 0.000000), (-3.742625, 1.340586, -8.970651, 1.000000))
mat4x4((-0.910909, -0.133800, 0.390310, 0.000000), (-0.000165, 0.946079, 0.323935, 0.000000), (-0.412607, 0.295011, -0.861814, 0.000000), (-3.806625, 1.340586, -8.970651, 1.000000))
mat4x4((-0.910813, -0.133825, 0.390526, 0.000000), (-0.000253, 0.946179, 0.323645, 0.000000), (-0.412819, 0.294681, -0.861826, 0.000000), (-3.744691, 1.337337, -8.970559, 1.000000))
mat4x4((-0.910813, -0.133825, 0.390526, 0.000000), (-0.000253, 0.946179, 0.323645, 0.000000), (-0.412819, 0.294681, -0.861826, 0.000000), (-3.808691, 1.337337, -8.970559, 1.000000))
mat4x4((-0.910577, -0.134058, 0.390997, 0.000000), (-0.000357, 0.946199, 0.323584, 0.000000), (-0.413340, 0.294508, -0.861635, 0.000000), (-3.749762, 1.335716, -8.968804, 1.000000))
mat4x4((-0.910577, -0.134058, 0.390997, 0.000000), (-0.000357, 0.946199, 0.323584, 0.000000), (-0.413340, 0.294508, -0.861635, 0.000000), (-3.813762, 1.335716, -8.968804, 1.000000))
mat4x4((-0.910552, -0.134434, 0.390925, 0.000000), (-0.000705, 0.946151, 0.323726, 0.000000), (-0.413394, 0.294493, -0.861614, 0.000000), (-3.749881, 1.335718, -8.968705, 1.000000))
mat4x4((-0.910552, -0.134434, 0.390925, 0.000000), (-0.000705, 0.946151, 0.323726, 0.000000), (-0.413394, 0.294493, -0.861614, 0.000000), (-3.813881, 1.335718, -8.968706, 1.000000))
mat4x4((-0.910268, -0.134995, 0.391392, 0.000000), (-0.000837, 0.945947, 0.324320, 0.000000), (-0.414018, 0.294891, -0.861179, 0.000000), (-3.755956, 1.340229, -8.965896, 1.000000))
mat4x4((-0.910268, -0.134995, 0.391392, 0.000000), (-0.000837, 0.945947, 0.324320, 0.000000), (-0.414018, 0.294891, -0.861179, 0.000000), (-3.819956, 1.340229, -8.965896, 1.000000))
mat4x4((-0.910048, -0.135231, 0.391822, 0.000000), (-0.000932, 0.945949, 0.324314, 0.000000), (-0.414501, 0.294776, -0.860986, 0.000000), (-3.760688, 1.339192, -8.964171, 1.000000))
mat4x4((-0.910048, -0.135231, 0.391822, 0.000000), (-0.000932, 0.945949, 0.324314, 0.000000), (-0.414501, 0.294776, -0.860986, 0.000000), (-3.824687, 1.339192, -8.964171, 1.000000))
mat4x4((-0.909837, -0.135222, 0.392316, 0.000000), (-0.000801, 0.945987, 0.324203, 0.000000), (-0.414965, 0.294657, -0.860802, 0.000000), (-3.765642, 1.338043, -8.962434, 1.000000))
mat4x4((-0.909837, -0.135222, 0.392316, 0.000000), (-0.000801, 0.945987, 0.324203, 0.000000), (-0.414965, 0.294657, -0.860802, 0.000000), (-3.829642, 1.338043, -8.962434, 1.000000))
mat4x4((-0.909537, -0.135392, 0.392952, 0.000000), (-0.000671, 0.945931, 0.324367, 0.000000), (-0.415622, 0.294760, -0.860450, 0.000000), (-3.772510, 1.339268, -8.959551, 1.000000))
mat4x4((-0.909537, -0.135392, 0.392952, 0.000000), (-0.000671, 0.945931, 0.324367, 0.000000), (-0.415622, 0.294760, -0.860450, 0.000000), (-3.836510, 1.339268, -8.959551, 1.000000))
mat4x4((-0.909422, -0.135291, 0.393254, 0.000000), (-0.000440, 0.945918, 0.324406, 0.000000), (-0.415875, 0.294849, -0.860298, 0.000000), (-3.775548, 1.340109, -8.958138, 1.000000))
mat4x4((-0.909422, -0.135291, 0.393254, 0.000000), (-0.000440, 0.945918, 0.324406, 0.000000), (-0.415875, 0.294849, -0.860298, 0.000000), (-3.839544, 1.340106, -8.958139, 1.000000))
mat4x4((-0.909334, -0.135445, 0.393403, 0.000000), (-0.000482, 0.945872, 0.324540, 0.000000), (-0.416066, 0.294926, -0.860179, 0.000000), (-3.777534, 1.340942, -8.957150, 1.000000))
mat4x4((-0.909334, -0.135445, 0.393403, 0.000000), (-0.000482, 0.945872, 0.324540, 0.000000), (-0.416066, 0.294926, -0.860179, 0.000000), (-3.841534, 1.340942, -8.957150, 1.000000))
mat4x4((-0.909248, -0.135866, 0.393456, 0.000000), (-0.000771, 0.945779, 0.324809, 0.000000), (-0.416253, 0.295029, -0.860053, 0.000000), (-3.779089, 1.342130, -8.956252, 1.000000))
mat4x4((-0.909248, -0.135866, 0.393456, 0.000000), (-0.000771, 0.945779, 0.324809, 0.000000), (-0.416253, 0.295029, -0.860053, 0.000000), (-3.843090, 1.342130, -8.956252, 1.000000))
mat4x4((-0.909262, -0.136452, 0.393221, 0.000000), (-0.001335, 0.945687, 0.325077, 0.000000), (-0.416221, 0.295055, -0.860060, 0.000000), (-3.778027, 1.342747, -8.956793, 1.000000))
mat4x4((-0.909262, -0.136452, 0.393221, 0.000000), (-0.001335, 0.945687, 0.325077, 0.000000), (-0.416221, 0.295055, -0.860060, 0.000000), (-3.842027, 1.342747, -8.956792, 1.000000))
mat4x4((-0.909259, -0.137416, 0.392893, 0.000000), (-0.002366, 0.945621, 0.325260, 0.000000), (-0.416224, 0.294817, -0.860140, 0.000000), (-3.776587, 1.340932, -8.958087, 1.000000))
mat4x4((-0.909259, -0.137416, 0.392893, 0.000000), (-0.002366, 0.945621, 0.325260, 0.000000), (-0.416224, 0.294817, -0.860140, 0.000000), (-3.840587, 1.340932, -8.958088, 1.000000))
mat4x4((-0.909297, -0.137334, 0.392833, 0.000000), (-0.002568, 0.945811, 0.324709, 0.000000), (-0.416139, 0.294248, -0.860376, 0.000000), (-3.775519, 1.335009, -8.959416, 1.000000))
mat4x4((-0.909297, -0.137334, 0.392833, 0.000000), (-0.002568, 0.945811, 0.324709, 0.000000), (-0.416139, 0.294248, -0.860376, 0.000000), (-3.839519, 1.335010, -8.959416, 1.000000))
mat4x4((-0.909344, -0.137373, 0.392711, 0.000000), (-0.002771, 0.945895, 0.324462, 0.000000), (-0.416036, 0.293960, -0.860524, 0.000000), (-3.774254, 1.331953, -8.960376, 1.000000))
mat4x4((-0.909344, -0.137373, 0.392711, 0.000000), (-0.002771, 0.945895, 0.324462, 0.000000), (-0.416036, 0.293960, -0.860524, 0.000000), (-3.838254, 1.331954, -8.960376, 1.000000))
mat4x4((-0.909486, -0.136591, 0.392654, 0.000000), (-0.002892, 0.946541, 0.322571, 0.000000), (-0.415724, 0.292238, -0.861261, 0.000000), (-3.771140, 1.314134, -8.964927, 1.000000))
mat4x4((-0.909486, -0.136591, 0.392654, 0.000000), (-0.002892, 0.946541, 0.322571, 0.000000), (-0.415724, 0.292238, -0.861261, 0.000000), (-3.835140, 1.314135, -8.964927, 1.000000))
mat4x4((-0.910151, -0.134291, 0.391906, 0.000000), (-0.002283, 0.947614, 0.319410, 0.000000), (-0.414270, 0.289816, -0.862779, 0.000000), (-3.757919, 1.288113, -8.974321, 1.000000))
mat4x4((-0.910151, -0.134291, 0.391906, 0.000000), (-0.002283, 0.947614, 0.319410, 0.000000), (-0.414270, 0.289816, -0.862779, 0.000000), (-3.821919, 1.288113, -8.974321, 1.000000))
mat4x4((-0.911216, -0.130887, 0.390581, 0.000000), (-0.001000, 0.948877, 0.315644, 0.000000), (-0.411927, 0.287229, -0.864763, 0.000000), (-3.737021, 1.259940, -8.987320, 1.000000))
mat4x4((-0.911216, -0.130887, 0.390581, 0.000000), (-0.001000, 0.948877, 0.315644, 0.000000), (-0.411927, 0.287229, -0.864763, 0.000000), (-3.801021, 1.259940, -8.987319, 1.000000))
mat4x4((-0.913295, -0.125494, 0.387484, 0.000000), (0.000762, 0.950822, 0.309739, 0.000000), (-0.407299, 0.283178, -0.868285, 0.000000), (-3.694489, 1.215839, -9.011160, 1.000000))
mat4x4((-0.913295, -0.125494, 0.387484, 0.000000), (0.000762, 0.950822, 0.309739, 0.000000), (-0.407299, 0.283178, -0.868285, 0.000000), (-3.758490, 1.215839, -9.011161, 1.000000))
mat4x4((-0.916150, -0.120156, 0.382403, 0.000000), (0.001868, 0.952723, 0.303834, 0.000000), (-0.400831, 0.279072, -0.872613, 0.000000), (-3.632745, 1.171162, -9.042315, 1.000000))
mat4x4((-0.916150, -0.120156, 0.382403, 0.000000), (0.001868, 0.952723, 0.303834, 0.000000), (-0.400831, 0.279072, -0.872613, 0.000000), (-3.696745, 1.171162, -9.042315, 1.000000))
mat4x4((-0.919709, -0.115411, 0.375255, 0.000000), (0.002073, 0.954376, 0.298602, 0.000000), (-0.392596, 0.275404, -0.877508, 0.000000), (-3.552073, 1.131338, -9.079779, 1.000000))
mat4x4((-0.919709, -0.115411, 0.375255, 0.000000), (0.002073, 0.954376, 0.298602, 0.000000), (-0.392596, 0.275404, -0.877508, 0.000000), (-3.616074, 1.131338, -9.079779, 1.000000))
mat4x4((-0.924352, -0.111402, 0.364916, 0.000000), (0.000876, 0.955803, 0.294008, 0.000000), (-0.381541, 0.272086, -0.883400, 0.000000), (-3.441237, 1.095203, -9.127106, 1.000000))
mat4x4((-0.924352, -0.111402, 0.364916, 0.000000), (0.000876, 0.955803, 0.294008, 0.000000), (-0.381541, 0.272086, -0.883400, 0.000000), (-3.505238, 1.095203, -9.127105, 1.000000))
mat4x4((-0.929763, -0.108619, 0.351771, 0.000000), (-0.002278, 0.957167, 0.289529, 0.000000), (-0.368152, 0.268392, -0.890186, 0.000000), (-3.304165, 1.055889, -9.182815, 1.000000))
mat4x4((-0.929763, -0.108619, 0.351771, 0.000000), (-0.002278, 0.957167, 0.289529, 0.000000), (-0.368152, 0.268392, -0.890186, 0.000000), (-3.368165, 1.055889, -9.182815, 1.000000))
mat4x4((-0.935167, -0.106298, 0.337880, 0.000000), (-0.005970, 0.958501, 0.285025, 0.000000), (-0.354156, 0.264529, -0.896994, 0.000000), (-3.160176, 1.015149, -9.238729, 1.000000))
mat4x4((-0.935167, -0.106298, 0.337880, 0.000000), (-0.005970, 0.958501, 0.285025, 0.000000), (-0.354156, 0.264529, -0.896994, 0.000000), (-3.224176, 1.015149, -9.238729, 1.000000))
mat4x4((-0.940643, -0.104164, 0.323017, 0.000000), (-0.010071, 0.959886, 0.280210, 0.000000), (-0.339247, 0.260324, -0.903960, 0.000000), (-3.006540, 0.971058, -9.295424, 1.000000))
mat4x4((-0.940643, -0.104164, 0.323017, 0.000000), (-0.010071, 0.959886, 0.280210, 0.000000), (-0.339247, 0.260324, -0.903960, 0.000000), (-3.070540, 0.971058, -9.295425, 1.000000))
mat4x4((-0.946147, -0.101159, 0.307526, 0.000000), (-0.013264, 0.961242, 0.275387, 0.000000), (-0.323464, 0.256478, -0.910818, 0.000000), (-2.845951, 0.930101, -9.350676, 1.000000))
mat4x4((-0.946147, -0.101159, 0.307526, 0.000000), (-0.013264, 0.961242, 0.275387, 0.000000), (-0.323464, 0.256478, -0.910818, 0.000000), (-2.909951, 0.930101, -9.350676, 1.000000))
mat4x4((-0.951464, -0.098304, 0.291638, 0.000000), (-0.016432, 0.962489, 0.270822, 0.000000), (-0.307322, 0.252885, -0.917389, 0.000000), (-2.681900, 0.891980, -9.403820, 1.000000))
mat4x4((-0.951464, -0.098304, 0.291638, 0.000000), (-0.016432, 0.962489, 0.270822, 0.000000), (-0.307322, 0.252885, -0.917389, 0.000000), (-2.745899, 0.891980, -9.403820, 1.000000))
mat4x4((-0.956451, -0.096144, 0.275603, 0.000000), (-0.020063, 0.963618, 0.266530, 0.000000), (-0.291202, 0.249394, -0.923582, 0.000000), (-2.517326, 0.855047, -9.453401, 1.000000))
mat4x4((-0.956451, -0.096144, 0.275603, 0.000000), (-0.020063, 0.963618, 0.266530, 0.000000), (-0.291202, 0.249394, -0.923582, 0.000000), (-2.581326, 0.855046, -9.453400, 1.000000))
mat4x4((-0.960539, -0.094687, 0.261532, 0.000000), (-0.023443, 0.964487, 0.263089, 0.000000), (-0.277155, 0.246577, -0.928647, 0.000000), (-2.373412, 0.825206, -9.493906, 1.000000))
mat4x4((-0.960539, -0.094687, 0.261532, 0.000000), (-0.023443, 0.964487, 0.263089, 0.000000), (-0.277155, 0.246577, -0.928647, 0.000000), (-2.437412, 0.825206, -9.493907, 1.000000))
mat4x4((-0.964140, -0.093298, 0.248455, 0.000000), (-0.026839, 0.965648, 0.258463, 0.000000), (-0.264035, 0.242526, -0.933524, 0.000000), (-2.238561, 0.783077, -9.530942, 1.000000))
mat4x4((-0.964140, -0.093298, 0.248455, 0.000000), (-0.026839, 0.965648, 0.258463, 0.000000), (-0.264035, 0.242526, -0.933524, 0.000000), (-2.302562, 0.783077, -9.530942, 1.000000))
mat4x4((-0.967013, -0.091839, 0.237594, 0.000000), (-0.029504, 0.966849, 0.253640, 0.000000), (-0.253011, 0.238264, -0.937665, 0.000000), (-2.125454, 0.738757, -9.560858, 1.000000))
mat4x4((-0.967013, -0.091839, 0.237594, 0.000000), (-0.029504, 0.966849, 0.253640, 0.000000), (-0.253011, 0.238264, -0.937665, 0.000000), (-2.189454, 0.738757, -9.560858, 1.000000))
mat4x4((-0.969477, -0.090096, 0.228028, 0.000000), (-0.031070, 0.967683, 0.250247, 0.000000), (-0.243205, 0.235524, -0.940946, 0.000000), (-2.026070, 0.709855, -9.585168, 1.000000))
mat4x4((-0.969477, -0.090096, 0.228028, 0.000000), (-0.031070, 0.967683, 0.250247, 0.000000), (-0.243205, 0.235524, -0.940946, 0.000000), (-2.090070, 0.709856, -9.585168, 1.000000))
mat4x4((-0.971794, -0.087821, 0.218871, 0.000000), (-0.031903, 0.968502, 0.246955, 0.000000), (-0.233665, 0.233006, -0.943986, 0.000000), (-1.930562, 0.683102, -9.607419, 1.000000))
mat4x4((-0.971794, -0.087821, 0.218871, 0.000000), (-0.031903, 0.968502, 0.246955, 0.000000), (-0.233665, 0.233006, -0.943986, 0.000000), (-1.994562, 0.683102, -9.607419, 1.000000))
mat4x4((-0.974161, -0.085602, 0.209002, 0.000000), (-0.032422, 0.968808, 0.245681, 0.000000), (-0.223514, 0.232557, -0.946551, 0.000000), (-1.829808, 0.677246, -9.628064, 1.000000))
mat4x4((-0.974161, -0.085602, 0.209002, 0.000000), (-0.032422, 0.968808, 0.245681, 0.000000), (-0.223514, 0.232557, -0.946551, 0.000000), (-1.893808, 0.677246, -9.628065, 1.000000))
mat4x4((-0.976409, -0.082797, 0.199425, 0.000000), (-0.032238, 0.969110, 0.244515, 0.000000), (-0.213510, 0.232317, -0.948916, 0.000000), (-1.731707, 0.673366, -9.647071, 1.000000))
mat4x4((-0.976409, -0.082797, 0.199425, 0.000000), (-0.032238, 0.969110, 0.244515, 0.000000), (-0.213510, 0.232317, -0.948916, 0.000000), (-1.795707, 0.673366, -9.647071, 1.000000))
mat4x4((-0.978608, -0.080028, 0.189533, 0.000000), (-0.032143, 0.969404, 0.243356, 0.000000), (-0.203210, 0.232058, -0.951239, 0.000000), (-1.630677, 0.669473, -9.665695, 1.000000))
mat4x4((-0.978608, -0.080028, 0.189533, 0.000000), (-0.032143, 0.969404, 0.243356, 0.000000), (-0.203210, 0.232058, -0.951239, 0.000000), (-1.694677, 0.669473, -9.665695, 1.000000))
mat4x4((-0.980731, -0.076617, 0.179714, 0.000000), (-0.031334, 0.969671, 0.242398, 0.000000), (-0.192835, 0.232096, -0.953387, 0.000000), (-1.530257, 0.668365, -9.682740, 1.000000))
mat4x4((-0.980731, -0.076617, 0.179714, 0.000000), (-0.031334, 0.969671, 0.242398, 0.000000), (-0.192835, 0.232096, -0.953387, 0.000000), (-1.594257, 0.668365, -9.682740, 1.000000))
mat4x4((-0.982660, -0.073916, 0.170046, 0.000000), (-0.031140, 0.969868, 0.241633, 0.000000), (-0.182782, 0.232148, -0.955352, 0.000000), (-1.432044, 0.667787, -9.698364, 1.000000))
mat4x4((-0.982660, -0.073916, 0.170046, 0.000000), (-0.031140, 0.969868, 0.241633, 0.000000), (-0.182783, 0.232148, -0.955352, 0.000000), (-1.496046, 0.667789, -9.698365, 1.000000))
mat4x4((-0.984406, -0.071772, 0.160604, 0.000000), (-0.031408, 0.970022, 0.240979, 0.000000), (-0.173085, 0.232177, -0.957150, 0.000000), (-1.336529, 0.667316, -9.712497, 1.000000))
mat4x4((-0.984406, -0.071772, 0.160604, 0.000000), (-0.031408, 0.970022, 0.240979, 0.000000), (-0.173085, 0.232177, -0.957150, 0.000000), (-1.400529, 0.667316, -9.712496, 1.000000))
mat4x4((-0.985890, -0.070255, 0.151941, 0.000000), (-0.031978, 0.969995, 0.241013, 0.000000), (-0.164314, 0.232753, -0.958555, 0.000000), (-1.249736, 0.672643, -9.723942, 1.000000))
mat4x4((-0.985890, -0.070255, 0.151941, 0.000000), (-0.031978, 0.969995, 0.241013, 0.000000), (-0.164314, 0.232753, -0.958555, 0.000000), (-1.313736, 0.672644, -9.723942, 1.000000))
mat4x4((-0.987085, -0.068911, 0.144622, 0.000000), (-0.032352, 0.969901, 0.241340, 0.000000), (-0.156900, 0.233544, -0.959604, 0.000000), (-1.176443, 0.680319, -9.732884, 1.000000))
mat4x4((-0.987085, -0.068911, 0.144622, 0.000000), (-0.032352, 0.969901, 0.241340, 0.000000), (-0.156900, 0.233544, -0.959604, 0.000000), (-1.240443, 0.680319, -9.732884, 1.000000))
mat4x4((-0.988137, -0.067994, 0.137704, 0.000000), (-0.033029, 0.969758, 0.241822, 0.000000), (-0.149982, 0.234405, -0.960500, 0.000000), (-1.107573, 0.688946, -9.740726, 1.000000))
mat4x4((-0.988137, -0.067994, 0.137704, 0.000000), (-0.033029, 0.969758, 0.241822, 0.000000), (-0.149982, 0.234405, -0.960500, 0.000000), (-1.171573, 0.688946, -9.740726, 1.000000))
mat4x4((-0.988986, -0.067607, 0.131664, 0.000000), (-0.033954, 0.969490, 0.242768, 0.000000), (-0.144059, 0.235624, -0.961108, 0.000000), (-1.048100, 0.701426, -9.746774, 1.000000))
mat4x4((-0.988986, -0.067607, 0.131664, 0.000000), (-0.033954, 0.969490, 0.242768, 0.000000), (-0.144059, 0.235624, -0.961108, 0.000000), (-1.112100, 0.701426, -9.746775, 1.000000))
mat4x4((-0.989691, -0.067204, 0.126470, 0.000000), (-0.034718, 0.969307, 0.243388, 0.000000), (-0.138945, 0.236488, -0.961648, 0.000000), (-0.996797, 0.710364, -9.751764, 1.000000))
mat4x4((-0.989691, -0.067204, 0.126470, 0.000000), (-0.034718, 0.969307, 0.243388, 0.000000), (-0.138945, 0.236488, -0.961648, 0.000000), (-1.060797, 0.710364, -9.751765, 1.000000))
mat4x4((-0.990232, -0.067340, 0.122093, 0.000000), (-0.035735, 0.968964, 0.244605, 0.000000), (-0.134775, 0.237853, -0.961905, 0.000000), (-0.954378, 0.724547, -9.755251, 1.000000))
mat4x4((-0.990232, -0.067340, 0.122093, 0.000000), (-0.035735, 0.968964, 0.244605, 0.000000), (-0.134775, 0.237853, -0.961905, 0.000000), (-1.018378, 0.724547, -9.755251, 1.000000))
mat4x4((-0.990618, -0.067432, 0.118861, 0.000000), (-0.036484, 0.968711, 0.245496, 0.000000), (-0.131697, 0.238857, -0.962083, 0.000000), (-0.923027, 0.735104, -9.757812, 1.000000))
mat4x4((-0.990618, -0.067432, 0.118861, 0.000000), (-0.036484, 0.968711, 0.245496, 0.000000), (-0.131697, 0.238857, -0.962083, 0.000000), (-0.987027, 0.735104, -9.757811, 1.000000))
mat4x4((-0.990806, -0.068010, 0.116953, 0.000000), (-0.037440, 0.968537, 0.246036, 0.000000), (-0.130007, 0.239395, -0.962179, 0.000000), (-0.904914, 0.741180, -9.759438, 1.000000))
mat4x4((-0.990806, -0.068010, 0.116953, 0.000000), (-0.037440, 0.968537, 0.246036, 0.000000), (-0.130007, 0.239395, -0.962179, 0.000000), (-0.968914, 0.741180, -9.759438, 1.000000))
mat4x4((-0.990974, -0.068645, 0.115142, 0.000000), (-0.038354, 0.968223, 0.247132, 0.000000), (-0.128448, 0.240486, -0.962116, 0.000000), (-0.888277, 0.752779, -9.760465, 1.000000))
mat4x4((-0.990974, -0.068645, 0.115142, 0.000000), (-0.038354, 0.968223, 0.247132, 0.000000), (-0.128448, 0.240486, -0.962116, 0.000000), (-0.952277, 0.752779, -9.760466, 1.000000))
mat4x4((-0.990883, -0.069404, 0.115473, 0.000000), (-0.038991, 0.968150, 0.247316, 0.000000), (-0.128960, 0.240559, -0.962030, 0.000000), (-0.892230, 0.754126, -9.760336, 1.000000))
mat4x4((-0.990883, -0.069404, 0.115473, 0.000000), (-0.038991, 0.968150, 0.247316, 0.000000), (-0.128960, 0.240559, -0.962030, 0.000000), (-0.956230, 0.754126, -9.760335, 1.000000))
mat4x4((-0.990822, -0.069766, 0.115774, 0.000000), (-0.039195, 0.967996, 0.247886, 0.000000), (-0.129363, 0.241073, -0.961847, 0.000000), (-0.896424, 0.759212, -9.759371, 1.000000))
mat4x4((-0.990822, -0.069766, 0.115774, 0.000000), (-0.039195, 0.967996, 0.247886, 0.000000), (-0.129363, 0.241073, -0.961847, 0.000000), (-0.960424, 0.759211, -9.759371, 1.000000))
mat4x4((-0.990696, -0.069719, 0.116877, 0.000000), (-0.038827, 0.967916, 0.248257, 0.000000), (-0.130435, 0.241410, -0.961617, 0.000000), (-0.907930, 0.762285, -9.757794, 1.000000))
mat4x4((-0.990696, -0.069719, 0.116877, 0.000000), (-0.038827, 0.967916, 0.248257, 0.000000), (-0.130435, 0.241410, -0.961617, 0.000000), (-0.971930, 0.762285, -9.757794, 1.000000))
mat4x4((-0.990527, -0.069625, 0.118360, 0.000000), (-0.038299, 0.967798, 0.248796, 0.000000), (-0.131871, 0.241906, -0.961297, 0.000000), (-0.923394, 0.767148, -9.756135, 1.000000))
mat4x4((-0.990527, -0.069625, 0.118360, 0.000000), (-0.038299, 0.967798, 0.248796, 0.000000), (-0.131871, 0.241906, -0.961297, 0.000000), (-0.987394, 0.767148, -9.756136, 1.000000))
mat4x4((-0.990344, -0.069436, 0.119987, 0.000000), (-0.037807, 0.967990, 0.248126, 0.000000), (-0.133375, 0.241194, -0.961268, 0.000000), (-0.939388, 0.759717, -9.755263, 1.000000))
mat4x4((-0.990344, -0.069436, 0.119987, 0.000000), (-0.037807, 0.967990, 0.248126, 0.000000), (-0.133375, 0.241194, -0.961268, 0.000000), (-1.003388, 0.759717, -9.755262, 1.000000))
mat4x4((-0.990124, -0.069363, 0.121837, 0.000000), (-0.037421, 0.968259, 0.247132, 0.000000), (-0.135112, 0.240132, -0.961292, 0.000000), (-0.957211, 0.749145, -9.754755, 1.000000))
mat4x4((-0.990124, -0.069363, 0.121837, 0.000000), (-0.037421, 0.968259, 0.247132, 0.000000), (-0.135112, 0.240132, -0.961292, 0.000000), (-1.021211, 0.749145, -9.754755, 1.000000))
mat4x4((-0.989804, -0.069402, 0.124383, 0.000000), (-0.036999, 0.968562, 0.246004, 0.000000), (-0.137546, 0.238894, -0.961255, 0.000000), (-0.981881, 0.736790, -9.753593, 1.000000))
mat4x4((-0.989804, -0.069402, 0.124383, 0.000000), (-0.036999, 0.968562, 0.246004, 0.000000), (-0.137546, 0.238894, -0.961255, 0.000000), (-1.045881, 0.736790, -9.753593, 1.000000))
mat4x4((-0.989467, -0.069983, 0.126716, 0.000000), (-0.037104, 0.968740, 0.245287, 0.000000), (-0.139921, 0.238002, -0.961133, 0.000000), (-1.005077, 0.728085, -9.752164, 1.000000))
mat4x4((-0.989467, -0.069983, 0.126716, 0.000000), (-0.037104, 0.968740, 0.245287, 0.000000), (-0.139921, 0.238002, -0.961133, 0.000000), (-1.069077, 0.728085, -9.752164, 1.000000))
mat4x4((-0.989100, -0.070771, 0.129120, 0.000000), (-0.037379, 0.968876, 0.244710, 0.000000), (-0.142419, 0.237216, -0.960961, 0.000000), (-1.029200, 0.720582, -9.750632, 1.000000))
mat4x4((-0.989100, -0.070771, 0.129120, 0.000000), (-0.037379, 0.968876, 0.244710, 0.000000), (-0.142419, 0.237216, -0.960961, 0.000000), (-1.093200, 0.720582, -9.750630, 1.000000))
mat4x4((-0.988647, -0.072064, 0.131845, 0.000000), (-0.038085, 0.969013, 0.244058, 0.000000), (-0.145347, 0.236266, -0.960756, 0.000000), (-1.056729, 0.711623, -9.748764, 1.000000))
mat4x4((-0.988647, -0.072064, 0.131845, 0.000000), (-0.038085, 0.969013, 0.244058, 0.000000), (-0.145347, 0.236266, -0.960756, 0.000000), (-1.120729, 0.711623, -9.748763, 1.000000))
mat4x4((-0.988295, -0.073625, 0.133611, 0.000000), (-0.039226, 0.969025, 0.243828, 0.000000), (-0.147424, 0.235733, -0.960571, 0.000000), (-1.075224, 0.706993, -9.747511, 1.000000))
mat4x4((-0.988295, -0.073625, 0.133611, 0.000000), (-0.039226, 0.969025, 0.243828, 0.000000), (-0.147424, 0.235733, -0.960571, 0.000000), (-1.139224, 0.706993, -9.747510, 1.000000))
mat4x4((-0.987962, -0.074917, 0.135345, 0.000000), (-0.040084, 0.969004, 0.243770, 0.000000), (-0.149412, 0.235410, -0.960343, 0.000000), (-1.093313, 0.704376, -9.746100, 1.000000))
mat4x4((-0.987962, -0.074917, 0.135345, 0.000000), (-0.040084, 0.969004, 0.243770, 0.000000), (-0.149412, 0.235410, -0.960343, 0.000000), (-1.157313, 0.704376, -9.746100, 1.000000))
mat4x4((-0.987722, -0.076194, 0.136383, 0.000000), (-0.041017, 0.968852, 0.244222, 0.000000), (-0.150743, 0.235629, -0.960081, 0.000000), (-1.104849, 0.707244, -9.745004, 1.000000))
mat4x4((-0.987722, -0.076194, 0.136383, 0.000000), (-0.041017, 0.968852, 0.244222, 0.000000), (-0.150743, 0.235629, -0.960081, 0.000000), (-1.168849, 0.707244, -9.745004, 1.000000))
mat4x4((-0.987566, -0.077423, 0.136820, 0.000000), (-0.042003, 0.968626, 0.244947, 0.000000), (-0.151492, 0.236155, -0.959834, 0.000000), (-1.110568, 0.713134, -9.744251, 1.000000))
mat4x4((-0.987566, -0.077423, 0.136820, 0.000000), (-0.042003, 0.968626, 0.244947, 0.000000), (-0.151492, 0.236155, -0.959834, 0.000000), (-1.174568, 0.713133, -9.744251, 1.000000))
mat4x4((-0.987318, -0.078508, 0.137982, 0.000000), (-0.042646, 0.968374, 0.245830, 0.000000), (-0.152918, 0.236829, -0.959442, 0.000000), (-1.123385, 0.720458, -9.742638, 1.000000))
mat4x4((-0.987318, -0.078508, 0.137982, 0.000000), (-0.042646, 0.968374, 0.245830, 0.000000), (-0.152918, 0.236829, -0.959442, 0.000000), (-1.187385, 0.720458, -9.742638, 1.000000))
mat4x4((-0.987255, -0.079310, 0.137977, 0.000000), (-0.043462, 0.968382, 0.245656, 0.000000), (-0.153097, 0.236529, -0.959487, 0.000000), (-1.123738, 0.717829, -9.743094, 1.000000))
mat4x4((-0.987255, -0.079310, 0.137977, 0.000000), (-0.043462, 0.968382, 0.245656, 0.000000), (-0.153097, 0.236529, -0.959487, 0.000000), (-1.187738, 0.717829, -9.743094, 1.000000))
mat4x4((-0.987101, -0.079999, 0.138677, 0.000000), (-0.044130, 0.968608, 0.244646, 0.000000), (-0.153895, 0.235370, -0.959644, 0.000000), (-1.130424, 0.706448, -9.743383, 1.000000))
mat4x4((-0.987101, -0.079999, 0.138677, 0.000000), (-0.044130, 0.968608, 0.244646, 0.000000), (-0.153895, 0.235370, -0.959644, 0.000000), (-1.194424, 0.706448, -9.743383, 1.000000))
mat4x4((-0.986880, -0.080230, 0.140108, 0.000000), (-0.044120, 0.968777, 0.243978, 0.000000), (-0.155308, 0.234596, -0.959606, 0.000000), (-1.144216, 0.698765, -9.742596, 1.000000))
mat4x4((-0.986880, -0.080230, 0.140108, 0.000000), (-0.044120, 0.968777, 0.243978, 0.000000), (-0.155308, 0.234596, -0.959606, 0.000000), (-1.208216, 0.698765, -9.742596, 1.000000))
mat4x4((-0.986524, -0.080369, 0.142515, 0.000000), (-0.043729, 0.968872, 0.243672, 0.000000), (-0.157662, 0.234156, -0.959330, 0.000000), (-1.167749, 0.694380, -9.740302, 1.000000))
mat4x4((-0.986524, -0.080369, 0.142515, 0.000000), (-0.043729, 0.968872, 0.243672, 0.000000), (-0.157662, 0.234156, -0.959330, 0.000000), (-1.231749, 0.694380, -9.740303, 1.000000))
